BSPLINE
19
18

10.0000 	0.0000 
8.3333 	2.8868 
6.6667 	5.7735 
5.0000 	8.6603 
1.6667 	8.6603 
-1.6667 	8.6603 
-5.0000 	8.6603 
-6.6667 	5.7735 
-8.3333 	2.8868 
-10.0000 	0.0000 
-8.3333 	-2.8868 
-6.6667 	-5.7735 
-5.0000 	-8.6603 
-1.6667 	-8.6603 
1.6667 	-8.6603 
5.0000 	-8.6603 
6.6667 	-5.7735 
8.3333 	-2.8868 
0.02
0.0 0 1 0
0 -24.4 0 

10.0000 	0.0000 
8.3333 	2.8868 
6.6667 	5.7735 
5.0000 	8.6603 
1.6667 	8.6603 
-1.6667 	8.6603 
-5.0000 	8.6603 
-6.6667 	5.7735 
-8.3333 	2.8868 
-10.0000 	0.0000 
-8.3333 	-2.8868 
-6.6667 	-5.7735 
-5.0000 	-8.6603 
-1.6667 	-8.6603 
1.6667 	-8.6603 
5.0000 	-8.6603 
6.6667 	-5.7735 
8.3333 	-2.8868 
0.1
0.0 0 1 0
0 -24.4 0 

10.0000 	0.0000 
8.3333 	2.8868 
6.6667 	5.7735 
5.0000 	8.6603 
1.6667 	8.6603 
-1.6667 	8.6603 
-5.0000 	8.6603 
-6.6667 	5.7735 
-8.3333 	2.8868 
-10.0000 	0.0000 
-8.3333 	-2.8868 
-6.6667 	-5.7735 
-5.0000 	-8.6603 
-1.6667 	-8.6603 
1.6667 	-8.6603 
5.0000 	-8.6603 
6.6667 	-5.7735 
8.3333 	-2.8868 
0.2
0.0 1 0 0
0 -24.4 0 

10.0000 	0.0000 
8.3333 	2.8868 
6.6667 	5.7735 
5.0000 	8.6603 
1.6667 	8.6603 
-1.6667 	8.6603 
-5.0000 	8.6603 	
-6.6667 	5.7735 
-8.3333 	2.8868 
-10.0000 	0.0000 
-8.3333 	-2.8868 
-6.6667 	-5.7735 
-5.0000 	-8.6603 
-1.6667 	-8.6603 
1.6667 	-8.6603 
5.0000 	-8.6603 
6.6667 	-5.7735 
8.3333 	-2.8868 
0.2
0.0 1 0 0
0 -24 0 

10.0000 	0.0000 
7.4673 	2.3868 
5.8006 	5.2735 
5.0000 	8.6603 
1.6667 	7.6603 
-1.6667 	7.6603 
-5.0000 	8.6603 
-5.8006 	5.2735 
-7.4673 	2.3868 
-10.0000 	0.0000 
-7.4673 	-2.3868 
-5.8006 	-5.2735 
-5.0000 	-8.6603 
-1.6667 	-7.6603 
1.6667 	-7.6603 
5.0000 	-8.6603 
5.8006 	-5.2735 
7.4673 	-2.3868 
0.2
1.0 0 1 0
0 -16 0

10.0000 	0.0000 
9.3969 	3.4202 
7.6604 	6.4279 
5.0000 	8.6603 
1.7365 	9.8481 
-1.7365 	9.8481 
-5.0000 	8.6603 
-7.6604 	6.4279 
-9.3969 	3.4202 
-10.0000 	0.0000 
-9.3969 	-3.4202 
-7.6604 	-6.4279 
-5.0000 	-8.6602 
-1.7365 	-9.8481 
1.7365 	-9.8481 
5.0000 	-8.6603 
7.6604 	-6.4279 
9.3969 	-3.4202 
0.1
1.1 0 1 0
0 -15.2 0

10.0000 	0.0000 
9.3969 	3.4202 
7.6604 	6.4279 
5.0000 	8.6603 
1.7365 	9.8481 
-1.7365 	9.8481 
-5.0000 	8.6603 
-7.6604 	6.4279 
-9.3969 	3.4202 
-10.0000 	0.0000 
-9.3969 	-3.4202 
-7.6604 	-6.4279 
-5.0000 	-8.6602 
-1.7365 	-9.8481 
1.7365 	-9.8481 
5.0000 	-8.6603 
7.6604 	-6.4279 
9.3969 	-3.4202 
0.1
0.0 1 0 0
0 -15 0

10.0000 	0.0000 
9.3969 	3.4202 
7.6604 	6.4279 
5.0000 	8.6603 
1.7365 	9.8481 
-1.7365 	9.8481 
-5.0000 	8.6603 
-7.6604 	6.4279 
-9.3969 	3.4202 
-10.0000 	0.0000 
-9.3969 	-3.4202 
-7.6604 	-6.4279 
-5.0000 	-8.6602 
-1.7365 	-9.8481 
1.7365 	-9.8481 
5.0000 	-8.6603 
7.6604 	-6.4279 
9.3969 	-3.4202 
0.02
0.0 1 0 0
0 -14.6 0

10.0000 	0.0000 
9.3969 	3.4202 
7.6604 	6.4279 
5.0000 	8.6603 
1.7365 	9.8481 
-1.7365 	9.8481 
-5.0000 	8.6603 
-7.6604 	6.4279 
-9.3969 	3.4202 
-10.0000 	0.0000 
-9.3969 	-3.4202 
-7.6604 	-6.4279 
-5.0000 	-8.6602 
-1.7365 	-9.8481 
1.7365 	-9.8481 
5.0000 	-8.6603 
7.6604 	-6.4279 
9.3969 	-3.4202 
0.02
0.0 1 0 0
0 -14 0

10.0000 	0.0000 
9.3969 	3.4202 
7.6604 	6.4279 
5.0000 	8.6603 
1.7365 	9.8481 
-1.7365 	9.8481 
-5.0000 	8.6603 
-7.6604 	6.4279 
-9.3969 	3.4202 
-10.0000 	0.0000 
-9.3969 	-3.4202 
-7.6604 	-6.4279 
-5.0000 	-8.6602 
-1.7365 	-9.8481 
1.7365 	-9.8481 
5.0000 	-8.6603 
7.6604 	-6.4279 
9.3969 	-3.4202 
0.02
0.0 1 0 0
0 -10 0

10.0000 	0.0000 
9.3969 	3.4202 
7.6604 	6.4279 
5.0000 	8.6603 
1.7365 	9.8481 
-1.7365 	9.8481 
-5.0000 	8.6603 
-7.6604 	6.4279 
-9.3969 	3.4202 
-10.0000 	0.0000 
-9.3969 	-3.4202 
-7.6604 	-6.4279 
-5.0000 	-8.6602 
-1.7365 	-9.8481 
1.7365 	-9.8481 
5.0000 	-8.6603 
7.6604 	-6.4279 
9.3969 	-3.4202 
0.02
0.0 1 0 0
0 -6 0

10.0000 	0.0000 
9.3969 	3.4202 
7.6604 	6.4279 
5.0000 	8.6603 
1.7365 	9.8481 
-1.7365 	9.8481 
-5.0000 	8.6603 
-7.6604 	6.4279 
-9.3969 	3.4202 
-10.0000 	0.0000 
-9.3969 	-3.4202 
-7.6604 	-6.4279 
-5.0000 	-8.6602 
-1.7365 	-9.8481 
1.7365 	-9.8481 
5.0000 	-8.6603 
7.6604 	-6.4279 
9.3969 	-3.4202 
0.02
0.0 1 0 0
0 -2.4 0

10.0000 	0.0000 
9.3969 	3.4202 
7.6604 	6.4279 
5.0000 	8.6603 
1.7365 	9.8481 
-1.7365 	9.8481 
-5.0000 	8.6603 
-7.6604 	6.4279 
-9.3969 	3.4202 
-10.0000 	0.0000 
-9.3969 	-3.4202 
-7.6604 	-6.4279 
-5.0000 	-8.6602 
-1.7365 	-9.8481 
1.7365 	-9.8481 
5.0000 	-8.6603 
7.6604 	-6.4279 
9.3969 	-3.4202 
0.02
0.0 1 0 0
0 -1.6 0

10.0000 	0.0000 
9.3969 	3.4202 
7.6604 	6.4279 
5.0000 	8.6603 
1.7365 	9.8481 
-1.7365 	9.8481 
-5.0000 	8.6603 
-7.6604 	6.4279 
-9.3969 	3.4202 
-10.0000 	0.0000 
-9.3969 	-3.4202 
-7.6604 	-6.4279 
-5.0000 	-8.6602 
-1.7365 	-9.8481 
1.7365 	-9.8481 
5.0000 	-8.6603 
7.6604 	-6.4279 
9.3969 	-3.4202 
0.02
0.0 1 0 0
0 -1.2 0

10.0000 	0.0000 
9.3969 	3.4202 
7.6604 	6.4279 
5.0000 	8.6603 
1.7365 	9.8481 
-1.7365 	9.8481 
-5.0000 	8.6603 
-7.6604 	6.4279 
-9.3969 	3.4202 
-10.0000 	0.0000 
-9.3969 	-3.4202 
-7.6604 	-6.4279 
-5.0000 	-8.6602 
-1.7365 	-9.8481 
1.7365 	-9.8481 
5.0000 	-8.6603 
7.6604 	-6.4279 
9.3969 	-3.4202 
0.014
0.0 1 0 0
0 -1 0

10.0000 	0.0000 
9.3969 	3.4202 
7.6604 	6.4279 
5.0000 	8.6603 
1.7365 	9.8481 
-1.7365 	9.8481 
-5.0000 	8.6603 
-7.6604 	6.4279 
-9.3969 	3.4202 
-10.0000 	0.0000 
-9.3969 	-3.4202 
-7.6604 	-6.4279 
-5.0000 	-8.6602 
-1.7365 	-9.8481 
1.7365 	-9.8481 
5.0000 	-8.6603 
7.6604 	-6.4279 
9.3969 	-3.4202 
0.008
0.0 1 0 0
0 -0.8 0

10.0000 	0.0000 
9.3969 	3.4202 
7.6604 	6.4279 
5.0000 	8.6603 
1.7365 	9.8481 
-1.7365 	9.8481 
-5.0000 	8.6603 
-7.6604 	6.4279 
-9.3969 	3.4202 
-10.0000 	0.0000 
-9.3969 	-3.4202 
-7.6604 	-6.4279 
-5.0000 	-8.6602 
-1.7365 	-9.8481 
1.7365 	-9.8481 
5.0000 	-8.6603 
7.6604 	-6.4279 
9.3969 	-3.4202 
0.004
0.0 1 0 0
0 -0.6 0

0	0
0	0
0	0
0	0
0	0
0	0
0	0
0	0
0	0
0	0
0	0
0	0
0	0
0	0
0	0
0	0
0	0
0	0

0.02
0.0 1 0 0
0 -0.4 0

0	0
0	0
0	0
0	0
0	0
0	0
0	0
0	0
0	0
0	0
0	0
0	0
0	0
0	0
0	0
0	0
0	0
0	0

0.02
0.0 1 0 0
0 -0.4 0

