BSPLINE
19
18

10.0000 	0.0000 
8.3333 	2.8868 
6.6667 	5.7735 
5.0000 	8.6603 
1.6667 	8.6603 
-1.6667 	8.6603 
-5.0000 	8.6603 
-6.6667 	5.7735 
-8.3333 	2.8868 
-10.0000 	0.0000 
-8.3333 	-2.8868 
-6.6667 	-5.7735 
-5.0000 	-8.6603 
-1.6667 	-8.6603 
1.6667 	-8.6603 
5.0000 	-8.6603 
6.6667 	-5.7735 
8.3333 	-2.8868 
0.1
0.0 0 1 0
0 -122 0 

10.0000 	0.0000 
8.3333 	2.8868 
6.6667 	5.7735 
5.0000 	8.6603 
1.6667 	8.6603 
-1.6667 	8.6603 
-5.0000 	8.6603 
-6.6667 	5.7735 
-8.3333 	2.8868 
-10.0000 	0.0000 
-8.3333 	-2.8868 
-6.6667 	-5.7735 
-5.0000 	-8.6603 
-1.6667 	-8.6603 
1.6667 	-8.6603 
5.0000 	-8.6603 
6.6667 	-5.7735 
8.3333 	-2.8868 
0.5
0.0 0 1 0
0 -122 0 

10.0000 	0.0000 
8.3333 	2.8868 
6.6667 	5.7735 
5.0000 	8.6603 
1.6667 	8.6603 
-1.6667 	8.6603 
-5.0000 	8.6603 
-6.6667 	5.7735 
-8.3333 	2.8868 
-10.0000 	0.0000 
-8.3333 	-2.8868 
-6.6667 	-5.7735 
-5.0000 	-8.6603 
-1.6667 	-8.6603 
1.6667 	-8.6603 
5.0000 	-8.6603 
6.6667 	-5.7735 
8.3333 	-2.8868 
1.0
0.0 1 0 0
0 -122 0 

10.0000 	0.0000 
8.3333 	2.8868 
6.6667 	5.7735 
5.0000 	8.6603 
1.6667 	8.6603 
-1.6667 	8.6603 
-5.0000 	8.6603 	
-6.6667 	5.7735 
-8.3333 	2.8868 
-10.0000 	0.0000 
-8.3333 	-2.8868 
-6.6667 	-5.7735 
-5.0000 	-8.6603 
-1.6667 	-8.6603 
1.6667 	-8.6603 
5.0000 	-8.6603 
6.6667 	-5.7735 
8.3333 	-2.8868 
1.0
0.0 1 0 0
0 -120 0 

10.0000 	0.0000 
7.4673 	2.3868 
5.8006 	5.2735 
5.0000 	8.6603 
1.6667 	7.6603 
-1.6667 	7.6603 
-5.0000 	8.6603 
-5.8006 	5.2735 
-7.4673 	2.3868 
-10.0000 	0.0000 
-7.4673 	-2.3868 
-5.8006 	-5.2735 
-5.0000 	-8.6603 
-1.6667 	-7.6603 
1.6667 	-7.6603 
5.0000 	-8.6603 
5.8006 	-5.2735 
7.4673 	-2.3868 
1.0
1.0 0 1 0
0 -80 0

10.0000 	0.0000 
9.3969 	3.4202 
7.6604 	6.4279 
5.0000 	8.6603 
1.7365 	9.8481 
-1.7365 	9.8481 
-5.0000 	8.6603 
-7.6604 	6.4279 
-9.3969 	3.4202 
-10.0000 	0.0000 
-9.3969 	-3.4202 
-7.6604 	-6.4279 
-5.0000 	-8.6602 
-1.7365 	-9.8481 
1.7365 	-9.8481 
5.0000 	-8.6603 
7.6604 	-6.4279 
9.3969 	-3.4202 
0.5
1.1 0 1 0
0 -76 0

10.0000 	0.0000 
9.3969 	3.4202 
7.6604 	6.4279 
5.0000 	8.6603 
1.7365 	9.8481 
-1.7365 	9.8481 
-5.0000 	8.6603 
-7.6604 	6.4279 
-9.3969 	3.4202 
-10.0000 	0.0000 
-9.3969 	-3.4202 
-7.6604 	-6.4279 
-5.0000 	-8.6602 
-1.7365 	-9.8481 
1.7365 	-9.8481 
5.0000 	-8.6603 
7.6604 	-6.4279 
9.3969 	-3.4202 
0.5
0.0 1 0 0
0 -75 0

10.0000 	0.0000 
9.3969 	3.4202 
7.6604 	6.4279 
5.0000 	8.6603 
1.7365 	9.8481 
-1.7365 	9.8481 
-5.0000 	8.6603 
-7.6604 	6.4279 
-9.3969 	3.4202 
-10.0000 	0.0000 
-9.3969 	-3.4202 
-7.6604 	-6.4279 
-5.0000 	-8.6602 
-1.7365 	-9.8481 
1.7365 	-9.8481 
5.0000 	-8.6603 
7.6604 	-6.4279 
9.3969 	-3.4202 
0.1
0.0 1 0 0
0 -73 0

10.0000 	0.0000 
9.3969 	3.4202 
7.6604 	6.4279 
5.0000 	8.6603 
1.7365 	9.8481 
-1.7365 	9.8481 
-5.0000 	8.6603 
-7.6604 	6.4279 
-9.3969 	3.4202 
-10.0000 	0.0000 
-9.3969 	-3.4202 
-7.6604 	-6.4279 
-5.0000 	-8.6602 
-1.7365 	-9.8481 
1.7365 	-9.8481 
5.0000 	-8.6603 
7.6604 	-6.4279 
9.3969 	-3.4202 
0.1
0.0 1 0 0
0 -70 0

10.0000 	0.0000 
9.3969 	3.4202 
7.6604 	6.4279 
5.0000 	8.6603 
1.7365 	9.8481 
-1.7365 	9.8481 
-5.0000 	8.6603 
-7.6604 	6.4279 
-9.3969 	3.4202 
-10.0000 	0.0000 
-9.3969 	-3.4202 
-7.6604 	-6.4279 
-5.0000 	-8.6602 
-1.7365 	-9.8481 
1.7365 	-9.8481 
5.0000 	-8.6603 
7.6604 	-6.4279 
9.3969 	-3.4202 
0.1
0.0 1 0 0
0 -50 0

10.0000 	0.0000 
9.3969 	3.4202 
7.6604 	6.4279 
5.0000 	8.6603 
1.7365 	9.8481 
-1.7365 	9.8481 
-5.0000 	8.6603 
-7.6604 	6.4279 
-9.3969 	3.4202 
-10.0000 	0.0000 
-9.3969 	-3.4202 
-7.6604 	-6.4279 
-5.0000 	-8.6602 
-1.7365 	-9.8481 
1.7365 	-9.8481 
5.0000 	-8.6603 
7.6604 	-6.4279 
9.3969 	-3.4202 
0.1
0.0 1 0 0
0 -30 0

10.0000 	0.0000 
9.3969 	3.4202 
7.6604 	6.4279 
5.0000 	8.6603 
1.7365 	9.8481 
-1.7365 	9.8481 
-5.0000 	8.6603 
-7.6604 	6.4279 
-9.3969 	3.4202 
-10.0000 	0.0000 
-9.3969 	-3.4202 
-7.6604 	-6.4279 
-5.0000 	-8.6602 
-1.7365 	-9.8481 
1.7365 	-9.8481 
5.0000 	-8.6603 
7.6604 	-6.4279 
9.3969 	-3.4202 
0.1
0.0 1 0 0
0 -12 0

10.0000 	0.0000 
9.3969 	3.4202 
7.6604 	6.4279 
5.0000 	8.6603 
1.7365 	9.8481 
-1.7365 	9.8481 
-5.0000 	8.6603 
-7.6604 	6.4279 
-9.3969 	3.4202 
-10.0000 	0.0000 
-9.3969 	-3.4202 
-7.6604 	-6.4279 
-5.0000 	-8.6602 
-1.7365 	-9.8481 
1.7365 	-9.8481 
5.0000 	-8.6603 
7.6604 	-6.4279 
9.3969 	-3.4202 
0.1
0.0 1 0 0
0 -8 0

10.0000 	0.0000 
9.3969 	3.4202 
7.6604 	6.4279 
5.0000 	8.6603 
1.7365 	9.8481 
-1.7365 	9.8481 
-5.0000 	8.6603 
-7.6604 	6.4279 
-9.3969 	3.4202 
-10.0000 	0.0000 
-9.3969 	-3.4202 
-7.6604 	-6.4279 
-5.0000 	-8.6602 
-1.7365 	-9.8481 
1.7365 	-9.8481 
5.0000 	-8.6603 
7.6604 	-6.4279 
9.3969 	-3.4202 
0.1
0.0 1 0 0
0 -6 0

10.0000 	0.0000 
9.3969 	3.4202 
7.6604 	6.4279 
5.0000 	8.6603 
1.7365 	9.8481 
-1.7365 	9.8481 
-5.0000 	8.6603 
-7.6604 	6.4279 
-9.3969 	3.4202 
-10.0000 	0.0000 
-9.3969 	-3.4202 
-7.6604 	-6.4279 
-5.0000 	-8.6602 
-1.7365 	-9.8481 
1.7365 	-9.8481 
5.0000 	-8.6603 
7.6604 	-6.4279 
9.3969 	-3.4202 
0.07
0.0 1 0 0
0 -5 0

10.0000 	0.0000 
9.3969 	3.4202 
7.6604 	6.4279 
5.0000 	8.6603 
1.7365 	9.8481 
-1.7365 	9.8481 
-5.0000 	8.6603 
-7.6604 	6.4279 
-9.3969 	3.4202 
-10.0000 	0.0000 
-9.3969 	-3.4202 
-7.6604 	-6.4279 
-5.0000 	-8.6602 
-1.7365 	-9.8481 
1.7365 	-9.8481 
5.0000 	-8.6603 
7.6604 	-6.4279 
9.3969 	-3.4202 
0.04
0.0 1 0 0
0 -4 0

10.0000 	0.0000 
9.3969 	3.4202 
7.6604 	6.4279 
5.0000 	8.6603 
1.7365 	9.8481 
-1.7365 	9.8481 
-5.0000 	8.6603 
-7.6604 	6.4279 
-9.3969 	3.4202 
-10.0000 	0.0000 
-9.3969 	-3.4202 
-7.6604 	-6.4279 
-5.0000 	-8.6602 
-1.7365 	-9.8481 
1.7365 	-9.8481 
5.0000 	-8.6603 
7.6604 	-6.4279 
9.3969 	-3.4202 
0.02
0.0 1 0 0
0 -3 0

0	0
0	0
0	0
0	0
0	0
0	0
0	0
0	0
0	0
0	0
0	0
0	0
0	0
0	0
0	0
0	0
0	0
0	0

0.1
0.0 1 0 0
0 -2 0

0	0
0	0
0	0
0	0
0	0
0	0
0	0
0	0
0	0
0	0
0	0
0	0
0	0
0	0
0	0
0	0
0	0
0	0

0.1
0.0 1 0 0
0 -2 0

